Date,Open,High,Low,Close,Volume
2021-01-04,54.6592,54.9931,52.8652,54.6592,6509269
2021-01-05,54.7164,55.5752,53.056,54.7164,5356147
2021-01-06,52.9606,54.8786,52.8461,52.9606,7272569
2021-01-07,53.3041,54.8691,52.5312,53.3041,6099953
2021-01-08,52.5407,54.3061,52.035,52.5407,4909304
2021-01-11,50.6227,52.5216,50.0979,50.6227,5980425
2021-01-12,51.2525,51.6628,50.5845,51.2525,5116501
2021-01-13,50.9471,52.0064,50.7086,50.9471,3622192
2021-01-14,48.9337,50.9471,48.886,48.9337,4433875
2021-01-15,53.829,53.829,48.6665,53.829,8356530
2021-01-18,49.0196,53.829,49.0005,49.0196,14187031
2021-01-19,49.2581,50.1169,48.4756,49.2581,7486312
2021-01-20,48.4375,49.802,48.1035,48.4375,5461572
2021-01-21,47.092,48.9051,46.8534,47.092,12928026
2021-01-22,47.6168,48.2753,46.195,47.6168,10279467
2021-01-25,50.9376,51.4338,47.8363,50.9376,8785287
2021-01-26,55.8138,56.0333,50.0979,55.8138,13098288
2021-01-27,56.4818,56.4818,53.9339,56.4818,7751216
2021-01-28,55.8233,57.0352,55.079,55.8233,8513886
2021-01-29,56.2909,58.6861,55.3462,56.2909,13014213
2021-02-01,59.4876,60.3942,56.4436,59.4876,8352249
2021-02-02,59.354,59.7834,58.0086,59.354,7310551
2021-02-03,57.6555,60.585,57.2547,57.6555,8189123
2021-02-04,60.1747,60.6804,57.6555,60.1747,7044502
2021-02-05,59.8216,61.0908,59.1632,59.8216,4179246
2021-02-08,60.3083,61.0717,58.7338,60.3083,4795641
2021-02-09,61.4915,62.5985,60.1174,61.4915,5274571
2021-02-10,61.0717,61.5297,60.4991,61.0717,3845733
2021-02-18,61.4629,63.0756,59.6499,61.4629,6113494
2021-02-19,60.8808,62.1118,59.8789,60.8808,6060301
2021-02-22,58.7624,61.4152,58.1135,58.7624,7300369
2021-02-23,60.9667,61.8828,58.1421,60.9667,6374304
2021-02-24,60.8427,64.3543,60.1174,60.8427,7969362
2021-02-25,62.1691,62.9802,60.4037,62.1691,5131241
2021-02-26,58.7815,61.2625,58.5429,58.7815,8492496
2021-03-01,57.9513,59.354,57.0639,57.9513,4589902
2021-03-02,57.77,58.5906,57.0639,57.77,3912455
2021-03-03,61.5011,61.8828,57.207,61.5011,5028142
2021-03-04,61.7778,62.5794,60.1174,61.7778,5997477
2021-03-05,57.8272,61.1671,57.6078,57.8272,5205587
2021-03-08,56.4913,59.3063,56.3005,56.4913,4520073
2021-03-09,57.4933,58.4952,55.0122,57.4933,6098129
2021-03-10,57.541,58.6861,56.4245,57.541,3888149
2021-03-11,59.7357,60.8331,57.3501,59.7357,4593101
2021-03-12,58.2757,60.585,57.7318,58.2757,2715735
2021-03-15,59.8693,61.6251,58.4666,59.8693,6891900
2021-03-16,59.0773,60.5659,58.6861,59.0773,6547288
2021-03-17,58.3998,60.2606,57.2547,58.3998,3828490
2021-03-18,61.0812,61.8255,58.9151,61.0812,5584083
2021-03-19,59.1632,61.6824,57.8272,59.1632,6335452
2021-03-22,64.1253,64.2207,58.3998,64.1253,7832286
2021-03-23,62.379,64.8696,61.358,62.379,6267063
2021-03-24,56.1382,61.9114,56.1382,56.1382,9952486
2021-03-25,55.9283,56.415,53.8671,55.9283,8011934
2021-03-26,56.7394,57.3788,55.4321,56.7394,4514463
2021-03-29,56.5963,57.3215,56.081,56.5963,2659617
2021-03-30,57.4265,57.4837,55.6707,57.4265,4248646
2021-03-31,56.8348,58.6861,56.5008,56.8348,3981374
2021-04-01,58.5334,58.8865,56.4913,58.5334,3339851
2021-04-02,58.6384,59.5831,57.541,58.6384,2121417
2021-04-06,57.541,59.8216,57.1402,57.541,3317846
2021-04-07,58.6384,58.8578,56.4436,58.6384,3484623
2021-04-08,57.3692,58.6288,56.9207,57.3692,3653349
2021-04-09,56.6631,57.8845,56.1191,56.6631,3020081
2021-04-12,55.871,56.8253,54.2202,55.871,4430855
2021-04-13,55.3939,56.1955,54.5065,55.3939,2872954
2021-04-14,56.4054,57.0543,55.1458,56.4054,2699025
2021-04-15,55.4893,56.4818,55.1458,55.4893,2362805
2021-04-16,56.9112,57.9036,55.2603,56.9112,4676462
2021-04-19,59.4495,59.8312,56.4913,59.4495,5503696
2021-04-20,59.8884,60.5373,58.9342,59.8884,4000317
2021-04-21,59.9457,60.48,58.791,59.9457,2772429
2021-04-22,59.23,60.356,59.0487,59.23,2081173
2021-04-23,58.7719,60.4037,57.8845,58.7719,3764749
2021-04-26,60.1365,61.024,58.3044,60.1365,4770795
2021-04-27,58.3998,60.7759,57.6937,58.3998,4315419
2021-04-28,59.1536,59.6689,57.2642,59.1536,3554178
2021-04-29,60.3846,60.8999,59.1536,60.3846,3358246
2021-04-30,61.358,61.7969,58.9723,61.358,4396010
2021-05-06,60.0984,61.9305,59.0201,60.0984,4357763
2021-05-07,60.4705,61.9878,59.6594,60.4705,2971983
2021-05-10,58.8292,60.8045,58.3044,58.8292,3595467
2021-05-11,59.5926,60.2797,58.0944,59.5926,2703188
2021-05-12,58.9723,60.2797,57.6364,58.9723,2322468
2021-05-13,58.7815,59.354,57.9036,58.7815,1957274
2021-05-14,58.791,59.4113,58.2376,58.791,2012180
2021-05-17,58.7338,59.2395,57.9322,58.7338,2551141
2021-05-18,59.5163,60.6518,58.6574,59.5163,2795224
2021-05-19,58.7815,59.8121,58.1612,58.7815,1819315
2021-05-20,59.7834,60.0697,57.9227,59.7834,2553621
2021-05-21,58.7624,60.5659,58.5238,58.7624,2233016
2021-05-24,59.001,59.1727,57.8368,59.001,1995820
2021-05-25,61.8351,62.045,58.6002,61.8351,4469442
2021-05-26,64.736,65.3658,61.9591,64.736,5088304
2021-05-27,65.4421,65.4421,64.297,65.4421,3035423
2021-05-28,65.0795,65.7093,64.6787,65.0795,2182789
2021-05-31,62.2549,64.7932,61.148,62.2549,5413053
2021-06-01,61.9305,62.9802,61.4152,61.9305,2648178
2021-06-02,60.6709,61.7683,60.1174,60.6709,3295390
2021-06-03,60.7186,61.8828,60.3274,60.7186,2246513
2021-06-04,60.0602,60.9953,59.4113,60.0602,2518633
2021-06-07,60.356,61.5393,59.1823,60.356,2670426
2021-06-08,60.1556,62.4935,59.6403,60.1556,3227875
2021-06-09,59.3827,60.7377,58.9437,59.3827,3509052
2021-06-10,59.335,60.2606,58.7529,59.335,2844392
2021-06-11,58.2662,59.2872,57.312,58.2662,4324827
2021-06-15,57.3215,58.6574,56.8825,57.3215,2579999
2021-06-16,56.2146,58.2089,55.871,56.2146,3400323
2021-06-17,56.8825,57.3501,55.9188,56.8825,2403234
2021-06-18,57.102,58.0754,56.205,57.102,2921805
2021-06-21,54.6973,57.102,54.2011,54.6973,6648163
2021-06-22,54.7641,55.9951,54.2965,54.7641,5040468
2021-06-23,54.4778,55.4225,53.9053,54.4778,4099640
2021-06-24,54.3061,54.955,53.7335,54.3061,3690472
2021-06-25,54.0103,54.8786,53.7526,54.0103,4715510
2021-06-28,52.9606,54.4588,52.1972,52.9606,5487351
2021-06-29,52.9224,52.9606,51.6724,52.9224,5113662
2021-06-30,54.2965,54.6782,52.3976,54.2965,3547304
2021-07-01,52.9129,54.7737,52.4835,52.9129,2872586
2021-07-02,52.2354,53.2469,51.4338,52.2354,3303879
2021-07-05,51.93,52.6266,51.5388,51.93,2310819
2021-07-06,52.2163,53.7145,51.6819,52.2163,3259955
2021-07-07,52.0827,52.7125,51.6247,52.0827,1987114
2021-07-08,50.8231,52.1972,50.6513,50.8231,2891288
2021-07-09,52.2926,52.2926,50.1837,52.2926,3023918
2021-07-12,52.493,53.1324,50.3841,52.493,3564852
2021-07-13,53.0083,53.6763,51.5769,53.0083,3055248
2021-07-14,53.2946,54.058,51.1666,53.2946,3887616
2021-07-15,52.6934,53.619,51.7201,52.6934,3666963
2021-07-16,52.7411,53.1992,51.6056,52.7411,2238705
2021-07-19,56.1764,56.6058,52.1972,56.1764,7766140
2021-07-20,55.6039,56.7299,53.9148,55.6039,4161486
2021-07-21,53.1514,55.5275,52.3881,53.1514,5547730
2021-07-22,52.264,53.6477,51.0235,52.264,4641996
2021-07-23,51.3384,52.5407,51.0807,51.3384,2786949
2021-07-26,48.9432,51.0235,48.1894,48.9432,5661034
2021-07-27,48.9719,50.2792,48.552,48.9719,3384065
2021-07-28,48.9337,49.573,46.7771,48.9337,4285166
2021-07-29,46.758,48.676,46.2427,46.758,7328271
2021-07-30,45.298,46.5004,43.7617,45.298,7782449
2021-08-02,46.6244,47.3783,43.4181,46.6244,5639165
2021-08-03,46.8534,47.2351,45.5747,46.8534,3003015
2021-08-04,45.8419,47.1397,45.0976,45.8419,3955587
2021-08-05,46.1664,46.8343,45.1358,46.1664,3444577
2021-08-06,45.5652,46.758,45.3457,45.5652,1749490
2021-08-09,47.0443,47.5023,45.1072,47.0443,3501906
2021-08-10,46.758,47.0443,45.9183,46.758,2624286
2021-08-11,47.6359,48.3325,46.3477,47.6359,4212033
2021-08-12,46.1855,48.1703,46.09,46.1855,3461700
2021-08-13,46.6626,47.4069,45.8038,46.6626,3728682
2021-08-16,46.9393,47.5691,46.5672,46.9393,2960859
2021-08-17,49.7066,51.2048,46.9966,49.7066,7860257
2021-08-18,49.6207,50.4796,48.0462,49.6207,4524682
2021-08-19,49.2772,49.6112,48.7047,49.2772,1943950
2021-08-20,49.5253,50.3078,48.4756,49.5253,2686483
2021-08-23,49.0482,50.7658,48.5424,49.0482,3303148
2021-08-24,49.0959,49.3917,47.9126,49.0959,3827820
2021-08-25,51.6247,52.4835,48.6665,51.6247,5948077
2021-08-26,50.1456,52.0064,49.6207,50.1456,3413387
2021-08-27,50.0788,50.7181,49.1532,50.0788,2230063
2021-08-30,48.6856,49.2963,48.2466,48.6856,2528067
2021-08-31,50.7467,51.1475,48.9241,50.7467,3800239
2021-09-01,53.1801,53.5522,49.9547,53.1801,6623004
2021-09-02,53.4377,53.9816,52.4835,53.4377,3608850
2021-09-03,54.7927,55.4512,51.8155,54.7927,5727920
2021-09-06,56.0142,57.1402,53.4377,56.0142,4985672
2021-09-07,56.0142,56.4436,54.8786,56.0142,2278715
2021-09-08,55.7661,56.3195,55.0695,55.7661,2172231
2021-09-09,55.9474,56.2909,54.6019,55.9474,3040574
2021-09-10,56.5486,58.0086,55.9474,56.5486,3390454
2021-09-13,53.0083,54.6782,52.1972,53.0083,8025883
2021-09-14,51.8632,53.3518,51.5769,51.8632,2901549
2021-09-15,52.4358,52.5694,50.4605,52.4358,3361741
2021-09-16,51.6724,52.722,51.0521,51.6724,3559852
2021-09-17,52.4739,52.4739,51.3384,52.4739,1992430
2021-09-22,52.2258,52.4835,50.4796,52.2258,2594355
2021-09-23,50.6895,52.0254,50.47,50.6895,2817827
2021-09-24,50.6895,51.2907,50.1933,50.6895,1858496
2021-09-27,51.6915,52.2545,50.3078,51.6915,2919298
2021-09-28,51.5101,52.3976,50.9471,51.5101,1863177
2021-09-29,50.5845,51.6724,50.4509,50.5845,1741507
2021-09-30,52.0827,52.3213,50.3173,52.0827,2457030
2021-10-08,53.3137,55.9665,52.6552,53.3137,6233727
2021-10-11,55.7279,56.4054,52.8556,55.7279,5011722
2021-10-12,55.5848,56.1001,54.726,55.5848,2388848
2021-10-13,56.3195,56.6822,55.0122,56.3195,2698587
2021-10-14,58.7052,60.7186,55.852,58.7052,7370703
2021-10-15,57.999,60.1174,56.9493,57.999,6568953
2021-10-18,56.1764,57.6364,55.6707,56.1764,4622123
2021-10-19,55.5371,55.7088,54.2965,55.5371,4292398
2021-10-20,55.0599,55.6993,53.5618,55.0599,3864902
2021-10-21,55.308,55.8233,54.4874,55.308,2756315
2021-10-22,55.0886,55.7184,54.0961,55.0886,2230497
2021-10-25,54.9168,55.518,53.0179,54.9168,2653926
2021-10-26,54.7069,56.1096,54.5446,54.7069,1930238
2021-10-27,54.621,55.6325,54.0389,54.621,1575466
2021-10-28,54.7641,55.6134,54.1439,54.7641,2001089
2021-10-29,55.8233,55.9474,53.9244,55.8233,2156900
2021-11-01,53.829,56.0142,53.1228,53.829,4899659
2021-11-02,54.7737,54.955,53.3232,54.7737,4197467
2021-11-03,53.6095,54.8691,53.2755,53.6095,2359999
2021-11-04,53.5427,53.7335,53.1133,53.5427,1699262
2021-11-05,53.4663,54.2011,52.8652,53.4663,2139161
2021-11-08,54.85,58.0944,54.4874,54.85,11052350
2021-11-09,55.8042,56.2909,53.7908,55.8042,5997402
2021-11-10,55.2412,56.0142,54.2965,55.2412,2724628
2021-11-11,56.5867,56.8253,55.0599,56.5867,2985510
2021-11-12,57.9704,58.1517,55.9474,57.9704,3957766
2021-11-15,56.9684,58.1899,56.3005,56.9684,3168832
2021-11-16,56.7394,57.4837,56.31,56.7394,2071604
2021-11-17,55.4893,57.0448,55.2031,55.4893,3063147
2021-11-18,54.1343,55.8424,53.7335,54.1343,3320945
2021-11-19,54.8882,55.4989,54.0771,54.8882,2686166
2021-11-22,55.5084,55.7279,54.0007,55.5084,3234027
2021-11-23,55.2603,55.8233,54.8786,55.2603,1733629
2021-11-24,54.8214,55.2603,54.287,54.8214,1995952
2021-11-25,54.2965,54.6401,53.9339,54.2965,1660407
2021-11-26,53.495,54.5351,51.8155,53.495,5247876
2021-11-29,52.6839,53.0083,51.0712,52.6839,6636696
2021-11-30,52.4835,53.4091,52.1686,52.4835,3163042
2021-12-01,53.3805,53.6286,52.2067,53.3805,2753924
2021-12-02,53.2564,53.9053,52.3881,53.2564,2333940
2021-12-03,53.9053,54.2775,52.9701,53.9053,3279563
2021-12-06,52.4835,53.6286,52.0159,52.4835,4127466
2021-12-07,53.5427,54.6782,52.7793,53.5427,5078510
2021-12-08,53.1133,53.7717,52.8843,53.1133,2387134
2021-12-09,53.1801,54.2488,52.5789,53.1801,4754432
2021-12-10,49.9929,53.1037,49.9929,49.9929,12342043
2021-12-13,51.2716,51.7869,50.2696,51.2716,7117146
2021-12-14,50.5559,51.5006,49.8593,50.5559,4303026
2021-12-15,49.6207,50.8708,49.2009,49.6207,3444327
2021-12-16,49.4681,49.7639,48.8573,49.4681,3360056
2021-12-17,48.657,49.4203,48.2657,48.657,3744539
2021-12-20,49.7066,49.9738,48.3516,49.7066,3592456
2021-12-21,49.7448,50.4318,49.1054,49.7448,2232155
2021-12-22,50.012,50.6322,49.9452,50.012,2135190
2021-12-23,50.3555,51.4338,49.9834,50.3555,3404252
2021-12-24,51.2143,51.7582,50.1551,51.2143,3916671
2021-12-27,52.4835,52.722,51.0521,52.4835,4550521
2021-12-28,52.7316,53.0083,51.7964,52.7316,2393032
2021-12-29,53.7049,54.1439,52.3117,53.7049,4450837
2021-12-30,53.39,54.9359,52.598,53.39,4084503
2021-12-31,54.2011,54.2584,52.3308,54.2011,3179827
2022-01-04,54.7737,55.308,52.4835,54.7737,4257285
2022-01-05,54.7927,55.413,54.0103,54.7927,2694555
2022-01-06,53.9626,54.7164,53.4186,53.9626,2128326
2022-01-07,53.829,54.392,53.2469,53.829,2350011
2022-01-10,53.6954,53.9244,51.8918,53.6954,3372845
2022-01-11,52.7984,54.1629,52.5407,52.7984,3933200
2022-01-12,53.3805,54.5637,52.9701,53.3805,2201688
2022-01-13,52.2831,53.5331,51.9586,52.2831,2384176
2022-01-14,52.035,52.5789,51.4147,52.035,1984596
2022-01-17,52.1018,52.5503,51.0521,52.1018,2338050
2022-01-18,52.8747,53.6286,51.6342,52.8747,2334131
2022-01-19,54.392,55.184,52.493,54.392,4968330
2022-01-20,54.2011,55.518,53.9626,54.2011,3511066
2022-01-21,53.8767,55.871,53.7908,53.8767,4766204
2022-01-24,54.4778,55.2317,52.493,54.4778,3420000
2022-01-25,54.8309,56.5581,54.0675,54.8309,4625309
2022-01-26,54.9836,56.3863,54.1057,54.9836,3754013
2022-01-27,54.2679,55.4416,53.9148,54.2679,2659284
2022-01-28,54.2488,55.5848,52.6457,54.2488,3554460
2022-02-07,55.0886,55.4893,53.4091,55.0886,3373056
2022-02-08,55.871,57.1593,54.6782,55.871,4242078
2022-02-09,57.4933,57.6937,55.3558,57.4933,5282560
2022-02-10,57.4837,58.667,56.9303,57.4837,5116961
2022-02-11,56.3005,57.9036,55.8997,56.3005,4710198
2022-02-14,54.0484,55.976,53.4568,54.0484,5524834
2022-02-15,53.7049,54.1248,52.493,53.7049,4973564
2022-02-16,55.6229,56.1001,53.7431,55.6229,3976723
2022-02-17,53.7049,55.5084,52.5312,53.7049,6796476
2022-02-18,53.266,53.8385,52.827,53.266,2794332
2022-02-21,53.4282,53.4282,52.5884,53.4282,2843374
2022-02-22,52.7125,53.2373,52.0636,52.7125,2208324
2022-02-23,51.6628,52.9129,51.5388,51.6628,3322350
2022-02-24,51.0521,51.5483,50.2887,51.0521,4008850
2022-02-25,51.0521,51.8632,50.7181,51.0521,2848401
2022-02-28,50.575,51.033,49.9547,50.575,3880548
2022-03-01,51.3479,52.0541,50.6036,51.3479,2277758
2022-03-02,50.8135,51.3098,50.1074,50.8135,2240399
2022-03-03,52.2545,52.7411,50.9662,52.2545,4145706
2022-03-04,52.1304,52.7697,51.596,52.1304,1911797
2022-03-07,50.0979,51.5197,48.9623,50.0979,4989456
2022-03-08,48.8573,50.1742,48.2657,48.8573,4044810
2022-03-09,47.1874,49.0768,46.4526,47.1874,4594818
2022-03-10,47.1683,48.4852,47.0252,47.1683,2795504
2022-03-11,46.8534,47.1206,44.6587,46.8534,5298163
2022-03-14,44.7541,46.2332,44.63,44.7541,5781898
2022-03-15,42.4639,44.4964,41.9582,42.4639,5761040
2022-03-16,45.2312,45.5652,43.1796,45.2312,9421151
2022-03-17,45.1358,46.4431,44.277,45.1358,7214491
2022-03-18,45.7942,46.3,44.4392,45.7942,4258387
2022-03-21,45.9564,45.966,44.8781,45.9564,3090107
2022-03-22,46.0709,47.5596,44.067,46.0709,9602094
2022-03-23,44.7445,46.0042,44.4583,44.7445,5995443
2022-03-24,44.6968,45.0308,44.1815,44.6968,2154966
2022-03-25,43.5804,44.6873,42.9983,43.5804,4003164
2022-03-28,42.8265,43.3132,42.044,42.8265,3168044
2022-03-29,42.1681,43.0937,42.0249,42.1681,2631364
2022-03-30,42.9506,43.3704,42.1681,42.9506,4432036
2022-03-31,41.9868,43.1414,41.8914,41.9868,3357350
2022-04-01,43.8094,44.0861,41.3379,43.8094,5666145
2022-04-06,43.8285,44.8972,42.7502,43.8285,5889251
2022-04-07,42.5689,44.3247,42.4925,42.5689,2696229
2022-04-08,42.7883,43.275,42.1776,42.7883,2968320
2022-04-11,41.1375,42.5593,41.0325,41.1375,3641287
2022-04-12,44.611,45.2408,40.8989,44.611,5351882
2022-04-13,45.6225,46.1377,42.941,45.6225,5983322
2022-04-14,47.2351,47.7027,45.7083,47.2351,5230258
2022-04-15,45.6606,46.9489,45.3266,45.6606,2926674
2022-04-18,46.6626,47.0443,44.6587,46.6626,3456248
2022-04-19,46.863,47.4641,46.3095,46.863,2230004
2022-04-20,46.9966,47.5309,46.0042,46.9966,2283263
2022-04-21,45.2694,47.0443,44.9068,45.2694,3547955
2022-04-22,44.8686,45.5461,43.714,44.8686,3281501
2022-04-25,43.0937,44.611,43.046,43.0937,3387345
2022-04-26,42.4734,43.7617,42.2158,42.4734,3239607
2022-04-27,42.9315,42.9601,41.7959,42.9315,2699564
2022-04-28,43.8285,44.8495,42.7215,43.8285,3649917
2022-04-29,43.8762,44.2674,42.2253,43.8762,3568485
2022-05-05,42.8838,44.3342,42.8838,42.8838,3842342
2022-05-06,40.7463,42.2253,39.8588,40.7463,4887393
2022-05-09,39.5153,40.1546,39.229,39.5153,3313561
2022-05-10,42.1776,42.1776,38.3034,42.1776,5231146
2022-05-11,43.4659,44.5346,41.6623,43.4659,4734124
2022-05-12,43.7998,44.6587,42.941,43.7998,2924242
2022-05-13,43.3227,44.0861,42.6548,43.3227,2555435
2022-05-16,44.1147,46.2332,43.4181,44.1147,4187579
2022-05-17,44.4201,44.7159,43.5136,44.4201,3082074
2022-05-18,43.2082,44.6873,43.1128,43.2082,2649368
2022-05-19,42.8551,43.0937,42.2253,42.8551,2296486
2022-05-20,43.9621,44.4678,42.9601,43.9621,2596983
2022-05-23,43.2178,43.9907,43.1319,43.2178,1525440
2022-05-24,43.2559,44.4583,43.1796,43.2559,2940055
2022-05-25,44.5537,45.1644,42.9983,44.5537,3602908
2022-05-26,44.4869,45.8038,43.733,44.4869,3172039
2022-05-27,45.2312,45.9469,44.4869,45.2312,3797268
2022-05-30,46.09,46.6912,45.4316,46.09,3517658
2022-05-31,46.2904,46.9489,45.4221,46.2904,2695538
2022-06-01,45.2503,46.5004,45.0404,45.2503,2964340
2022-06-02,45.5175,45.9278,45.069,45.5175,2232488
2022-06-06,45.1549,45.7274,44.0002,45.1549,2860177
2022-06-07,45.2598,45.6606,44.6587,45.2598,2674566
2022-06-08,46.5194,47.4069,45.0594,46.5194,4179197
2022-06-09,44.9068,47.0252,44.8304,44.9068,3447734
2022-06-10,44.506,44.8972,43.9048,44.506,3498660
2022-06-13,43.6376,44.2006,43.1319,43.6376,3481792
2022-06-14,43.4181,43.6281,42.8647,43.4181,2638160
2022-06-15,44.3724,45.0976,43.2082,44.3724,3973252
2022-06-16,45.3266,46.09,44.6587,45.3266,4035062
2022-06-17,45.7083,46.5672,45.1549,45.7083,3634412
2022-06-20,47.6645,47.7122,45.4984,47.6645,5235601
2022-06-21,47.4641,48.9528,47.0443,47.4641,3053129
2022-06-22,47.5787,48.657,46.7771,47.5787,3403431
2022-06-23,49.6207,49.6398,47.4451,49.6207,4890559
2022-06-24,50.0788,50.575,48.4756,50.0788,5097575
2022-06-27,52.2735,52.9892,50.2028,52.2735,7458892
2022-06-28,54.2965,55.1076,51.5197,54.2965,6459719
2022-06-29,53.6286,56.5676,53.1133,53.6286,9134120
2022-06-30,55.6802,56.7203,54.411,55.6802,7282373
2022-07-01,54.0389,55.5943,53.2469,54.0389,4481946
2022-07-04,52.722,54.85,52.0541,52.722,5855604
2022-07-05,51.93,53.0465,51.138,51.93,4334979
2022-07-06,50.909,52.7125,50.346,50.909,4262577
2022-07-07,50.4318,51.4243,49.9261,50.4318,2681459
2022-07-08,50.7754,52.1399,50.4509,50.7754,3689247
2022-07-11,49.0196,50.0979,48.3898,49.0196,4969587
2022-07-12,48.8669,49.5826,48.5711,48.8669,3894342
2022-07-13,51.0521,52.3117,49.1913,51.0521,5879720
2022-07-14,50.7849,51.8155,49.9356,50.7849,3240439
2022-07-15,49.6207,51.1284,49.239,49.6207,3767400
2022-07-18,50.5082,52.0922,49.2009,50.5082,4168068
2022-07-19,49.4776,51.2239,48.6665,49.4776,3722096
2022-07-20,49.6589,50.7658,49.0482,49.6589,3081262
2022-07-21,49.678,50.3841,49.0482,49.678,2376900
2022-07-22,51.0616,51.5197,49.6303,51.0616,4438997
2022-07-25,50.3651,51.5101,49.5826,50.3651,2902507
2022-07-26,51.5292,52.369,49.8593,51.5292,3431805
2022-07-27,51.1475,51.9682,51.0521,51.1475,1793200
2022-07-28,50.3841,51.3766,49.9261,50.3841,2279874
2022-07-29,49.5921,50.0597,47.8745,49.5921,5243868
2022-08-01,49.239,50.1169,48.4756,49.239,3507685
2022-08-02,48.4566,49.4299,47.9508,48.4566,3288120
2022-08-03,47.5214,48.9432,47.1206,47.5214,3444316
2022-08-04,47.2351,47.8363,46.6817,47.2351,2176710
2022-08-05,47.3783,47.5691,46.5672,47.3783,1767700
2022-08-08,46.7198,47.2924,45.8515,46.7198,3670823
2022-08-09,46.6244,46.9298,45.9374,46.6244,2344403
2022-08-10,45.5747,46.5194,45.3839,45.5747,1826567
2022-08-11,46.1473,46.2618,45.2312,46.1473,1703038
2022-08-12,46.7008,47.3306,45.6511,46.7008,3390086
2022-08-15,45.9851,46.6053,45.1072,45.9851,2609759
2022-08-16,47.0824,47.3306,45.7083,47.0824,2590159
2022-08-17,47.5787,48.2466,46.7771,47.5787,2298985
2022-08-18,46.6435,47.6168,46.0614,46.6435,2429795
2022-08-19,47.1874,47.5214,46.6435,47.1874,2079642
2022-08-22,47.7027,48.7142,46.634,47.7027,4142299
2022-08-23,46.5385,48.0462,46.4145,46.5385,2763406
2022-08-24,45.861,47.1588,45.6702,45.861,2812730
2022-08-25,47.197,47.2065,45.9564,47.197,2611567
2022-08-26,47.6073,49.0482,47.1683,47.6073,4649597
2022-08-29,47.7027,48.1703,46.7962,47.7027,3187936
2022-08-30,47.0729,48.2085,46.9202,47.0729,2475982
2022-08-31,46.9298,47.7027,46.758,46.9298,2909329
2022-09-01,44.5537,47.216,44.5537,44.5537,4586709
2022-09-02,44.8591,45.3076,43.9048,44.8591,3329980
2022-09-05,44.7636,45.1262,43.9907,44.7636,3667456
2022-09-06,45.2217,45.7751,44.3056,45.2217,2705138
2022-09-07,44.611,45.3171,44.1815,44.611,1914203
2022-09-08,45.9469,46.2713,44.4296,45.9469,3638112
2022-09-09,47.0347,47.3783,45.2694,47.0347,4187448
2022-09-13,48.3802,48.9528,46.7771,48.3802,3968140
2022-09-14,48.2466,48.657,47.5405,48.2466,2697221
2022-09-15,48.5234,49.4299,47.8077,48.5234,4466336
2022-09-16,47.2447,49.0482,47.1492,47.2447,2373279
2022-09-19,48.3707,48.8478,46.9202,48.3707,3416291
2022-09-20,48.0558,48.6283,47.5977,48.0558,2124030
2022-09-21,48.886,49.4203,47.7695,48.886,3689180
2022-09-22,47.6073,48.552,47.216,47.6073,2176975
2022-09-23,47.321,47.9222,46.758,47.321,1510870
2022-09-26,49.4203,51.0044,47.1111,49.4203,6507755
2022-09-27,52.5789,53.3423,49.01,52.5789,9550851
2022-09-28,51.6247,53.4377,51.3479,51.6247,5065261
2022-09-29,50.1647,52.1018,49.8116,50.1647,4369885
2022-09-30,49.4299,50.9185,49.3631,49.4299,2988318
2022-10-10,49.7543,51.243,48.9528,49.7543,4582813
2022-10-11,48.2562,50.1551,47.4737,48.2562,3368265
2022-10-12,48.657,48.781,46.7675,48.657,3249942
2022-10-13,49.9929,50.9567,47.5977,49.9929,3226518
2022-10-14,49.6494,50.8231,49.4299,49.6494,3047565
2022-10-17,50.6132,50.8135,48.6474,50.6132,2553444
2022-10-18,51.0903,52.7697,50.4605,51.0903,4219522
2022-10-19,50.9662,52.2545,50.5559,50.9662,2203900
2022-10-20,49.8402,52.5789,48.9528,49.8402,4795232
2022-10-21,50.2601,50.7849,49.0673,50.2601,2913166
2022-10-24,48.6474,50.3078,48.5806,48.6474,4183632
2022-10-25,50.1074,50.5559,48.0653,50.1074,3023504
2022-10-26,51.2048,51.3956,49.7162,51.2048,2568248
2022-10-27,50.9376,51.7964,49.8116,50.9376,1850670
2022-10-28,48.886,50.5464,48.4852,48.886,2552620
2022-10-31,46.3286,48.8478,46.0232,46.3286,5366788
2022-11-01,50.9567,50.9567,45.4793,50.9567,6698259
2022-11-02,53.4377,56.0524,50.575,53.4377,14457037
2022-11-03,52.8556,54.4874,52.2926,52.8556,5722150
2022-11-04,54.4015,55.976,52.5503,54.4015,7820488
2022-11-07,53.5809,54.0675,52.2449,53.5809,5112904
2022-11-08,52.932,54.182,52.7697,52.932,2524320
2022-11-09,52.3976,53.6095,52.0254,52.3976,3336696
2022-11-10,51.5292,52.3308,51.3002,51.5292,5725938
2022-11-11,51.3384,53.6286,49.2868,51.3384,12877344
2022-11-14,50.0788,50.8994,47.9031,50.0788,11749742
2022-11-15,49.8211,50.9758,49.4394,49.8211,7701069
2022-11-16,50.3364,51.3956,49.2486,50.3364,5363389
2022-11-17,50.7658,51.6247,49.4299,50.7658,5977764
2022-11-18,48.9051,50.6704,48.7333,48.9051,6654292
2022-11-21,47.4546,48.3516,46.8248,47.4546,6686416
2022-11-22,46.5194,47.7122,46.3668,46.5194,6511826
2022-11-23,47.2828,47.3878,45.8515,47.2828,6055219
2022-11-24,46.5958,47.3592,46.2141,46.5958,4108733
2022-11-25,47.2351,47.426,46.2904,47.2351,2946942
2022-11-28,49.4585,49.5253,46.3,49.4585,5998273
2022-11-29,52.6552,54.4015,48.7715,52.6552,11992807
2022-11-30,54.0675,54.2775,52.0541,54.0675,5660368
2022-12-01,52.2831,56.7776,52.0064,52.2831,9968520
2022-12-02,52.9606,53.6763,52.0064,52.9606,4235247
2022-12-05,54.4874,55.3462,52.9797,54.4874,6024738
2022-12-06,55.0409,56.7299,53.3423,55.0409,7521307
2022-12-07,56.0714,57.2547,55.0599,56.0714,7131632
2022-12-08,56.3577,56.8539,55.2126,56.3577,5952590
2022-12-09,56.5676,57.6269,55.642,56.5676,7548354
2022-12-12,61.358,62.2168,56.5676,61.358,13507847
2022-12-13,62.0259,63.7245,60.127,62.0259,7194526
2022-12-14,62.9802,63.6481,61.3007,62.9802,6336151
2022-12-15,62.9229,63.9153,62.0355,62.9229,4888502
2022-12-16,63.734,64.5451,62.3408,63.734,2933842
2022-12-19,62.1881,64.4115,61.6729,62.1881,4894795
2022-12-20,60.7377,62.9802,60.2224,60.7377,5181011
2022-12-21,61.6729,63.1233,60.9285,61.6729,4236100
2022-12-22,63.047,64.0298,61.7397,63.047,4402018
2022-12-23,61.9973,64.2207,61.1862,61.9973,5295161
2022-12-26,62.2359,63.9344,61.358,62.2359,4511875
2022-12-27,61.8351,63.171,59.4304,61.8351,5125883
2022-12-28,61.0908,62.3122,60.7854,61.0908,3926972
2022-12-29,60.2987,61.3198,59.9266,60.2987,4847071
2022-12-30,61.3102,61.9878,59.6785,61.3102,3212546
2023-01-03,59.1918,61.94,59.1823,59.1918,5936373
2023-01-04,60.2892,60.7186,59.1059,60.2892,3899132
2023-01-05,60.5182,62.3122,60.1174,60.5182,4769380
2023-01-06,59.3063,60.4419,59.0678,59.3063,5593660
2023-01-09,59.9266,60.7091,58.9342,59.9266,3935022
2023-01-10,59.9361,61.0335,59.3636,59.9361,3062078
2023-01-11,58.8197,60.5182,58.6479,58.8197,5099267
2023-01-12,59.6689,60.3083,58.7242,59.6689,4192681
2023-01-13,60.7663,61.0335,59.2204,60.7663,3436950
2023-01-16,59.0105,62.0259,58.791,59.0105,8376922
2023-01-17,59.0678,59.459,58.7624,59.0678,2832207
2023-01-18,58.791,60.0888,58.5906,58.791,2535938
2023-01-19,59.5067,60.0316,58.0181,59.5067,3845775
2023-01-20,60.461,60.6614,59.459,60.461,4224443
2023-01-30,58.2757,60.9667,57.7891,58.2757,6898458
2023-01-31,57.4551,59.6308,57.1784,57.4551,5387053
2023-02-01,57.2452,57.894,56.3959,57.2452,4053309
2023-02-02,57.4933,57.6937,56.8157,57.4933,4998925
2023-02-03,57.1974,57.7318,56.1573,57.1974,4532675
2023-02-06,57.4933,58.4857,56.7967,57.4933,3314375
2023-02-07,57.3597,57.8272,56.6726,57.3597,2132918
2023-02-08,59.1155,60.2033,57.5696,59.1155,7069571
2023-02-09,60.69,61.921,58.4857,60.69,5818259
2023-02-10,61.4057,61.7397,59.8598,61.4057,4335055
2023-02-13,62.4458,63.2474,60.7854,62.4458,6685955
2023-02-14,62.3885,62.9802,61.3675,62.3885,4044815
2023-02-15,61.7397,62.6557,61.148,61.7397,4016960
2023-02-16,61.921,63.505,61.6633,61.921,3264054
2023-02-17,60.7854,62.6462,60.5946,60.7854,3232012
2023-02-20,60.7663,62.2645,60.2129,60.7663,3411473
2023-02-21,60.0029,60.6423,59.4304,60.0029,2985122
2023-02-22,59.6212,60.2319,59.3636,59.6212,2219969
2023-02-23,58.8769,60.0029,58.6861,58.8769,2955106
2023-02-24,57.7318,59.1059,57.6841,57.7318,3272493
2023-02-27,58.7624,59.0964,57.1211,58.7624,3153734
2023-02-28,58.8674,59.0487,58.333,58.8674,2308749
2023-03-01,59.6499,60.0316,58.0754,59.6499,3982096
2023-03-02,59.9552,60.69,59.3731,59.9552,2709488
2023-03-03,60.022,60.9572,59.6976,60.022,2051229
2023-03-06,59.0201,60.9763,58.6861,59.0201,4224701
2023-03-07,58.1803,59.1823,58.0181,58.1803,2967449
2023-03-08,59.2204,59.2968,57.5791,59.2204,2697787
2023-03-09,59.3063,60.3846,59.0201,59.3063,3593689
2023-03-10,58.8101,59.5067,58.4475,58.8101,2029156
2023-03-13,59.6785,60.0029,58.5143,59.6785,5197110
2023-03-14,59.0869,60.4991,59.001,59.0869,4345599
2023-03-15,56.2718,59.125,56.1096,56.2718,6482959
2023-03-16,55.3844,56.6249,55.0409,55.3844,4879049
2023-03-17,55.5084,56.3959,55.0409,55.5084,4455861
2023-03-20,54.745,55.8424,54.6973,54.745,4834228
2023-03-21,55.0504,55.2985,54.2202,55.0504,3422892
2023-03-22,54.7641,55.6134,54.6019,54.7641,2949789
2023-03-23,54.058,54.5351,53.5904,54.058,4962355
2023-03-24,53.9148,54.621,53.3041,53.9148,5035005
2023-03-27,55.0122,55.3462,52.7793,55.0122,7091225
2023-03-28,55.4416,55.6802,54.5446,55.4416,3581048
2023-03-29,57.2833,57.5123,55.1649,57.2833,5743079
2023-03-30,60.1556,60.2892,56.9971,60.1556,7382743
2023-03-31,59.6976,60.4323,59.1441,59.6976,4401025
2023-04-03,60.9476,61.1671,59.1632,60.9476,4933987
2023-04-04,61.5393,62.4172,60.1461,61.5393,4303819
2023-04-06,61.1003,61.7015,60.3846,61.1003,4507179
2023-04-07,61.8064,62.8466,60.7568,61.8064,3126452
2023-04-10,61.4057,62.484,60.1174,61.4057,3687180
2023-04-11,60.6995,61.5965,59.8407,60.6995,5622959
2023-04-12,60.0506,61.2148,59.9934,60.0506,3648500
2023-04-13,60.022,60.48,58.9723,60.022,3966812
2023-04-14,59.1632,60.3083,59.0582,59.1632,2931404
2023-04-17,60.8236,61.6824,59.1727,60.8236,4827062
2023-04-18,61.358,61.8064,60.2987,61.358,5400148
2023-04-19,60.1079,61.6729,59.5544,60.1079,4103844
2023-04-20,59.8025,60.69,59.5067,59.8025,2326130
2023-04-21,58.3139,59.8789,58.1135,58.3139,3748905
2023-04-24,57.3501,58.9055,56.873,57.3501,5226453
2023-04-25,56.5581,59.2204,56.205,56.5581,4107860
2023-04-26,57.2356,57.7223,56.4245,57.2356,2861593
2023-04-27,57.9799,58.9533,56.9589,57.9799,4293170
2023-04-28,59.5353,60.5468,56.1859,59.5353,11742635
2023-05-04,56.539,60.2892,56.2146,56.539,11838042
2023-05-05,57.9799,58.6861,55.8806,57.9799,4888434
2023-05-08,55.7279,58.2089,55.6134,55.7279,5593701
2023-05-09,55.5371,56.5486,55.5371,55.5371,4034272
2023-05-10,55.2031,55.7279,53.7812,55.2031,4586260
2023-05-11,55.8806,56.1478,55.0313,55.8806,2318964
2023-05-12,54.9741,56.3863,54.8882,54.9741,2369416
2023-05-15,55.2794,55.4416,54.3824,55.2794,2142696
2023-05-16,54.726,55.8901,54.4492,54.726,2827044
2023-05-17,53.9339,55.4703,53.5522,53.9339,3728727
2023-05-18,54.0007,54.726,53.5427,54.0007,2238991
2023-05-19,55.2699,55.4989,53.4377,55.2699,2298382
2023-05-22,56.0905,57.0543,54.8691,56.0905,2731970
2023-05-23,53.8385,56.205,53.8385,53.8385,2920609
2023-05-24,52.3785,53.7717,52.2258,52.3785,3935755
2023-05-25,52.5407,52.9701,52.1495,52.5407,3078306
2023-05-26,53.7717,54.0675,52.1781,53.7717,3350078
2023-05-29,53.5809,53.9626,52.5312,53.5809,2556784
2023-05-30,53.6858,54.1725,53.0751,53.6858,1897109
2023-05-31,55.1554,55.1554,52.9606,55.1554,8287836
2023-06-01,51.7392,54.1725,51.6437,51.7392,6858928
2023-06-02,52.1209,52.6552,51.1762,52.1209,4023724
2023-06-05,51.2048,52.4548,50.8517,51.2048,7032918
2023-06-06,51.0426,51.4147,49.6685,51.0426,6206464
2023-06-07,50.2696,51.7487,49.8211,50.2696,5904409
2023-06-08,52.1686,52.4548,50.1933,52.1686,5765713
2023-06-09,52.7793,53.39,52.1781,52.7793,3773434
2023-06-12,54.2011,54.6114,52.5121,54.2011,4655187
2023-06-13,54.3061,54.5828,53.9626,54.3061,1737706
2023-06-14,54.0866,55.1076,53.8671,54.0866,2424445
2023-06-15,54.6019,54.621,53.495,54.6019,2164934
2023-06-16,56.2527,56.3768,54.4301,56.2527,6066497
2023-06-19,57.2261,57.7223,55.9188,57.2261,4883027
2023-06-20,56.5295,57.1116,55.9188,56.5295,3277068
2023-06-21,56.8062,57.541,56.3959,56.8062,3722888
2023-06-26,55.1363,56.0333,54.8691,55.1363,3557062
2023-06-27,55.642,56.1669,55.1935,55.642,2312716
2023-06-28,55.7184,56.4913,55.3939,55.7184,2265923
2023-06-29,54.2965,55.6325,54.0675,54.2965,3631554
2023-06-30,54.8405,54.8691,54.0675,54.8405,1888967
2023-07-03,58.2089,58.8769,54.6782,58.2089,6348520
2023-07-04,59.0487,59.3254,57.6459,59.0487,4753028
2023-07-05,58.9628,59.4495,58.5334,58.9628,4675714
2023-07-06,59.2109,60.3274,58.5429,59.2109,5458241
2023-07-07,60.1556,60.8808,59.001,60.1556,3516132
2023-07-10,60.1842,61.358,59.793,60.1842,4348268
2023-07-11,60.022,60.5278,59.7357,60.022,2335827
2023-07-12,59.0296,60.1365,58.4952,59.0296,3665773
2023-07-13,58.3616,59.4495,58.104,58.3616,3104861
2023-07-14,58.3616,58.6861,57.8272,58.3616,2439201
2023-07-17,58.0086,59.1346,57.4074,58.0086,3862163
2023-07-18,58.3712,58.7338,57.8082,58.3712,1869380
2023-07-19,57.7509,58.7815,57.3215,57.7509,2095622
2023-07-20,57.7414,58.2853,57.541,57.7414,1951730
2023-07-21,57.436,58.3807,57.312,57.436,1700287
2023-07-24,58.8387,59.6212,57.312,58.8387,4053767
2023-07-25,58.333,60.0793,58.1326,58.333,4780256
2023-07-26,58.0276,58.9437,57.0734,58.0276,3173937
2023-07-27,57.8845,58.3998,57.5028,57.8845,1989039
2023-07-28,58.5811,59.0582,57.2738,58.5811,2708200
2023-07-31,58.3521,60.2606,58.0086,58.3521,4884283
2023-08-01,58.7815,58.9342,57.8845,58.7815,3241051
2023-08-02,56.978,58.7815,56.6154,56.978,5583862
2023-08-03,56.1859,57.0925,55.7661,56.1859,4279722
2023-08-04,55.4893,56.6344,55.3462,55.4893,5461730
2023-08-07,55.184,55.6707,54.9263,55.184,2779805
2023-08-08,55.4893,55.7184,54.8691,55.4893,2255721
2023-08-09,55.0218,55.9665,54.6878,55.0218,3549900
2023-08-10,58.5906,58.7624,54.9645,58.5906,9382006
2023-08-11,58.3139,59.5258,58.0563,58.3139,4931178
2023-08-14,57.4455,58.7529,56.9875,57.4455,3316674
2023-08-15,57.0829,57.9418,56.5676,57.0829,2899788
2023-08-16,57.0066,57.2642,56.6249,57.0066,2306211
2023-08-17,56.8062,57.1974,56.2814,56.8062,2539567
2023-08-18,56.6726,57.5791,56.539,56.6726,2893100
2023-08-21,54.8786,56.6058,54.8786,54.8786,3415517
2023-08-22,54.392,55.3462,53.4854,54.392,3277563
2023-08-23,53.9148,54.4969,53.3137,53.9148,2693348
2023-08-24,54.5351,54.85,53.6572,54.5351,2506795
2023-08-25,53.6381,54.4397,53.1514,53.6381,2652608
2023-08-28,53.8385,55.642,53.3423,53.8385,4538415
2023-08-29,54.5351,55.0409,53.619,54.5351,4235077
2023-08-30,54.5065,54.955,54.2679,54.5065,2025466
2023-08-31,55.9092,56.434,53.8194,55.9092,4889919
2023-09-01,56.1001,56.5867,55.9188,56.1001,2422556
2023-09-04,53.5045,56.539,53.4568,53.5045,8703573
2023-09-05,53.3709,53.7145,52.9129,53.3709,5337306
2023-09-06,52.035,53.5522,51.8155,52.035,5499262
2023-09-07,51.7678,52.0541,51.243,51.7678,4577600
2023-09-08,51.5579,51.8441,50.9567,51.5579,2833703
2023-09-11,52.7888,52.9415,51.5865,52.7888,4142610
2023-09-12,53.3518,53.6667,52.5503,53.3518,3714124
2023-09-13,53.0656,53.4282,52.2067,53.0656,3627660
2023-09-14,53.2946,53.724,52.722,53.2946,3444104
2023-09-15,54.2011,54.2011,52.9797,54.2011,4894372
2023-09-18,53.4473,54.0103,53.1705,53.4473,3907212
2023-09-19,54.0389,54.5637,53.4282,54.0389,3221166
2023-09-20,54.1057,54.4588,53.4377,54.1057,1789777
2023-09-21,54.0103,54.6592,53.7717,54.0103,2150621
2023-09-22,53.5522,54.0389,53.1324,53.5522,3231322
2023-09-25,52.9988,53.848,52.7602,52.9988,3098918
2023-09-26,52.6839,53.285,52.5598,52.6839,1225191
2023-09-27,52.2449,53.0369,52.0541,52.2449,2058146
2023-09-28,52.2067,52.4739,51.3575,52.2067,2363180
2023-10-09,50.4032,52.1972,50.1265,50.4032,5762225
2023-10-10,50.68,51.243,50.3078,50.68,3209263
2023-10-11,49.7162,50.8135,49.5444,49.7162,3479768
2023-10-12,49.8307,50.4796,49.4681,49.8307,2652159
2023-10-13,48.8669,49.5635,48.8096,48.8669,3428346
2023-10-16,48.5329,48.8096,48.1894,48.5329,2666687
2023-10-17,48.1607,48.657,47.9699,48.1607,1673667
2023-10-18,47.1302,48.113,47.1302,47.1302,2298332
2023-10-19,46.9966,47.4928,45.9278,46.9966,2831275
2023-10-20,46.4813,47.2542,46.3191,46.4813,2246139
2023-10-23,45.2598,46.4717,44.8781,45.2598,3570246
2023-10-24,45.9087,45.9469,44.7732,45.9087,3481041
2023-10-25,47.2256,47.4832,46.1091,47.2256,3689362
2023-10-26,48.2943,48.4279,46.8534,48.2943,2784156
2023-10-27,49.0577,49.2868,47.9985,49.0577,4531281
2023-10-30,50.4796,50.7277,49.0577,50.4796,3465163
2023-10-31,52.2449,53.0083,51.243,52.2449,8055130
2023-11-01,52.0064,52.9033,51.9014,52.0064,4090470
2023-11-02,51.2334,52.2926,51.0616,51.2334,2780332
2023-11-03,51.1762,51.8632,51.1094,51.1762,2906500
2023-11-06,51.3861,51.7678,50.5177,51.3861,4011594
2023-11-07,51.0998,51.4911,50.6227,51.0998,2858541
2023-11-08,50.9758,51.5292,50.6322,50.9758,2268900
2023-11-09,50.9662,51.6247,50.6704,50.9662,2472600
2023-11-10,50.7945,51.0044,50.346,50.7945,1265199
2023-11-13,50.4891,51.1762,49.9929,50.4891,1644217
2023-11-14,50.1837,50.5654,49.9643,50.1837,1254425
2023-11-15,50.3841,51.0998,50.2124,50.3841,2121775
2023-11-16,50.6036,51.0044,50.2505,50.6036,2150296
2023-11-17,50.699,51.3193,50.4891,50.699,2884958
2023-11-20,51.9014,52.9033,50.6513,51.9014,4717752
2023-11-21,51.7105,52.4739,51.6056,51.7105,3589822
2023-11-22,50.6704,51.8728,50.5845,50.6704,3035506
2023-11-23,50.7563,50.9758,50.2792,50.7563,1865575
2023-11-24,50.8231,50.8803,50.2983,50.8231,1586895
2023-11-27,51.7678,51.9014,50.3937,51.7678,2758547
2023-11-28,50.909,51.7678,50.6704,50.909,2345438
2023-11-29,50.4796,50.9949,50.3841,50.4796,1802888
2023-11-30,50.6418,51.1952,50.2505,50.6418,2443530
2023-12-01,48.8478,50.7945,48.657,48.8478,4147772
2023-12-04,49.4203,49.8402,48.676,49.4203,3456390
2023-12-05,48.5806,49.3345,48.5711,48.5806,1956047
2023-12-06,48.8192,49.1245,48.2657,48.8192,1815662
2023-12-07,48.5329,49.4013,48.1894,48.5329,2023100
2023-12-08,48.8287,49.6685,48.5329,48.8287,4514786
2023-12-11,49.4299,49.6207,47.76,49.4299,3734426
2023-12-12,49.678,49.9547,49.1436,49.678,2033900
2023-12-13,48.8573,49.907,48.8573,48.8573,2223700
2023-12-14,48.3611,49.4776,48.3039,48.3611,2510800
2023-12-15,48.3325,48.7428,48.0749,48.3325,1600819
2023-12-18,48.0558,48.1798,47.2638,48.0558,3055914
2023-12-19,47.5787,47.989,47.216,47.5787,2317297
2023-12-20,47.1302,47.9699,47.0443,47.1302,2139003
2023-12-21,47.2351,47.3973,46.7675,47.2351,2446805
2023-12-22,47.2828,47.5977,46.5194,47.2828,3321434
2023-12-25,48.218,48.4279,47.0443,48.218,3806969
2023-12-26,47.8745,48.2848,47.7122,47.8745,2445216
2023-12-27,48.0081,48.0844,47.4546,48.0081,1616591
2023-12-28,48.4375,48.6951,47.7122,48.4375,2919621
2023-12-29,47.9031,48.5711,47.3115,47.9031,5908887
2024-01-02,47.9699,48.4756,47.5787,47.9699,3134566
2024-01-03,48.6856,48.886,47.655,48.6856,3700258
2024-01-04,48.3707,48.8287,48.2085,48.3707,3102982
2024-01-05,48.657,48.9241,47.9031,48.657,3411000
2024-01-08,47.8363,49.1818,47.4737,47.8363,3528618
2024-01-09,49.7639,50.0788,47.6645,49.7639,5606430
2024-01-10,49.4776,50.1456,49.3345,49.4776,3444920
2024-01-11,49.3154,49.5921,48.9528,49.3154,2732589
2024-01-12,50.6609,50.8708,48.9241,50.6609,5743725
2024-01-15,50.8326,52.4262,50.241,50.8326,6696849
2024-01-16,51.7487,52.9606,50.8613,51.7487,7909865
2024-01-17,51.1475,52.0541,50.9662,51.1475,4613087
2024-01-18,51.472,51.825,49.7925,51.472,6402424
2024-01-19,51.9014,52.1972,50.7467,51.9014,4361341
2024-01-22,49.8879,51.9014,49.4776,49.8879,5806229
2024-01-23,50.3555,50.7658,49.1532,50.3555,3579610
2024-01-24,51.2716,51.3861,49.8498,51.2716,4094240
2024-01-25,50.6132,51.2716,50.2696,50.6132,5163932
2024-01-26,51.6533,52.1781,50.4509,51.6533,6162449
2024-01-29,52.4358,53.4377,51.6724,52.4358,5723039
2024-01-30,50.8613,52.4739,50.6322,50.8613,4975103
2024-01-31,49.9547,50.8613,49.4776,49.9547,4746333
2024-02-01,50.3651,51.3384,49.4108,50.3651,3755569
2024-02-02,49.5253,51.0426,48.552,49.5253,4590267
2024-02-05,50.3173,50.9853,48.3898,50.3173,6114353
2024-02-06,51.2239,51.2239,49.4776,51.2239,6466807
2024-02-07,51.5197,51.9586,49.9834,51.5197,7536521
2024-02-08,52.6552,53.4186,51.2334,52.6552,7696988
2024-02-19,53.1705,53.9053,52.6934,53.1705,8264397
2024-02-20,54.6782,54.9359,52.8079,54.6782,7839577
2024-02-21,54.7355,55.3558,53.8671,54.7355,5188803
2024-02-22,54.85,55.0218,54.1916,54.85,3769095
2024-02-23,53.9721,54.8309,53.4473,53.9721,5978285
2024-02-26,53.9721,54.6592,53.6858,53.9721,4152203
2024-02-27,54.5065,54.7737,53.6286,54.5065,4970608
2024-02-28,54.2584,55.079,54.2584,54.2584,3318198
2024-02-29,54.745,54.8691,53.9721,54.745,3773091
2024-03-01,53.2564,54.7737,52.0636,53.2564,11985380
2024-03-04,51.825,53.0942,51.6342,51.825,7350872
2024-03-05,52.1686,52.598,51.6247,52.1686,6384274
2024-03-06,52.5312,52.9415,52.0159,52.5312,3338191
2024-03-07,52.7984,53.2373,52.4644,52.7984,2899900
2024-03-08,52.1209,52.9415,51.7105,52.1209,4130806
2024-03-11,53.5618,53.7812,51.8537,53.5618,4172198
2024-03-12,53.4377,53.7526,52.9129,53.4377,4050262
2024-03-13,53.0369,53.6763,52.4835,53.0369,3022497
2024-03-14,53.3709,53.6763,52.9892,53.3709,2656972
2024-03-15,53.8958,54.287,53.1133,53.8958,3896154
2024-03-18,54.3252,54.9359,53.5904,54.3252,4321170
2024-03-19,53.3423,54.3061,53.266,53.3423,2670452
2024-03-20,53.5045,53.9148,53.1896,53.5045,3620979
2024-03-21,53.2755,54.0103,53.0656,53.2755,1927800
2024-03-22,52.6171,53.3328,52.4835,52.6171,2715620
2024-03-25,52.4835,53.7622,52.2735,52.4835,4656987
2024-03-26,52.1781,52.8747,52.1018,52.1781,1727768
2024-03-27,51.9586,52.5789,51.9586,51.9586,1636919
2024-03-28,52.4835,52.827,51.9586,52.4835,1923406
2024-03-29,52.8079,52.9415,52.1304,52.8079,1844267
2024-04-01,54.392,54.5828,52.7793,54.392,3286016
2024-04-02,54.6592,54.8595,54.0294,54.6592,2652737
2024-04-03,54.0103,54.7355,53.6095,54.0103,2495831
2024-04-08,53.5809,54.4397,53.4663,53.5809,2458370
2024-04-09,54.058,54.3443,52.7984,54.058,2769413
2024-04-10,55.5657,55.9569,53.7526,55.5657,3825479
2024-04-11,55.4035,56.0619,55.0886,55.4035,3907296
2024-04-12,55.6897,56.3863,55.2699,55.6897,3545009
2024-04-15,55.8138,56.2527,55.2031,55.8138,5067444
2024-04-16,54.8691,56.1001,54.745,54.8691,5521723
2024-04-17,54.8309,55.4607,54.3061,54.8309,4912594
2024-04-18,55.8901,56.5104,54.726,55.8901,6360964
2024-04-19,54.3729,55.8997,53.9912,54.3729,5057615
2024-04-22,54.7641,55.1744,54.3443,54.7641,3851825
2024-04-23,54.7927,55.0504,53.724,54.7927,4945863
2024-04-24,56.0619,56.0619,54.7069,56.0619,5585070
2024-04-25,55.9188,56.4436,55.2794,55.9188,4597200
2024-04-26,55.7088,56.0905,55.3653,55.7088,5426509
2024-04-29,53.4282,55.518,53.2469,53.4282,13618337
2024-04-30,54.1916,55.4416,53.8003,54.1916,9126502
2024-05-06,54.8309,55.7852,54.5351,54.8309,9033513
2024-05-07,53.1992,55.0409,52.722,53.1992,11285822
2024-05-08,52.5503,53.2564,52.4262,52.5503,6337614
2024-05-09,53.1228,53.1801,52.5503,53.1228,4973031
2024-05-10,52.827,53.2946,52.0064,52.827,7227568
2024-05-13,52.3594,52.6648,51.8728,52.3594,5685745
2024-05-14,52.5407,52.6648,51.262,52.5407,7983484
2024-05-15,52.5216,52.722,51.9109,52.5216,4422800
2024-05-16,52.9606,53.0369,51.9586,52.9606,6352340
2024-05-17,54.058,54.1534,52.7602,54.058,6988073
2024-05-20,55.7756,56.0905,54.0675,55.7756,8784087
2024-05-21,55.518,56.0046,55.3653,55.518,4399010
2024-05-22,55.2699,56.4913,55.1554,55.2699,6532473
2024-05-23,54.7546,55.4321,54.5542,54.7546,3473173
2024-05-24,54.5065,55.6134,54.4301,54.5065,2929200
2024-05-27,55.1458,55.1935,54.411,55.1458,3179976
2024-05-28,54.4397,55.1076,54.411,54.4397,2232093
2024-05-29,54.0675,54.6114,53.8767,54.0675,2929913
2024-05-30,53.8576,54.2584,53.6286,53.8576,2509840
2024-05-31,53.5809,54.3252,53.3614,53.5809,3247399
2024-06-03,54.0103,54.1725,52.9606,54.0103,3905810
2024-06-04,54.8405,55.0218,53.8003,54.8405,3816960
2024-06-05,55.2031,55.7184,54.7737,55.2031,3135668
2024-06-06,54.8691,55.4512,54.726,54.8691,2547076
2024-06-07,55.0313,55.5371,54.7355,55.0313,2085382
2024-06-11,54.745,55.1935,54.2775,54.745,2317717
2024-06-12,54.6592,55.1076,54.392,54.6592,2981987
2024-06-13,54.3061,54.6878,53.5331,54.3061,3395718
2024-06-14,54.3633,54.516,53.7526,54.3633,1998891
2024-06-17,54.4015,54.8405,53.9148,54.4015,2346037
2024-06-18,54.182,54.8023,53.6286,54.182,2912142
2024-06-19,53.8958,54.2965,53.3423,53.8958,3512942
2024-06-20,53.2755,53.8194,52.9797,53.2755,2829607
2024-06-21,53.5331,53.724,53.1037,53.5331,2204377
2024-06-24,53.5141,53.7622,53.1514,53.5141,2009907
2024-06-25,53.3518,53.953,53.0179,53.3518,2761426
2024-06-26,54.2965,54.3633,52.8556,54.2965,3091340
2024-06-27,53.9244,54.5828,53.848,53.9244,1625400
2024-06-28,53.7526,54.2488,53.4377,53.7526,3783790
2024-07-01,53.7717,53.9816,53.3996,53.7717,1987700
2024-07-02,52.9701,53.8194,52.8747,52.9701,3253000
2024-07-03,52.5312,53.161,52.3785,52.5312,2750660
2024-07-04,51.7201,52.6362,51.2048,51.7201,5523146
2024-07-05,51.0044,51.7105,50.0502,51.0044,4568000
2024-07-08,50.8135,51.0998,50.2028,50.8135,2920866
2024-07-09,51.6247,51.701,49.9834,51.6247,3433404
2024-07-10,50.0979,51.4911,50.0024,50.0979,4022524
2024-07-11,51.93,52.035,50.1265,51.93,4821969
2024-07-12,51.3861,51.93,50.8613,51.3861,2785652
2024-07-15,51.0998,51.7964,51.033,51.0998,2065610
2024-07-16,51.3384,51.5769,50.7849,51.3384,3514065
2024-07-17,52.7984,52.8556,50.909,52.7984,4351816
2024-07-18,52.6075,52.9224,52.1304,52.6075,2329998
2024-07-19,53.1037,53.2182,52.2449,53.1037,2459283
2024-07-22,51.9586,53.1324,51.6342,51.9586,3093960
2024-07-23,51.1952,52.0064,51.1857,51.1952,2336678
2024-07-24,51.1952,51.3479,50.4414,51.1952,2732821
2024-07-25,51.3479,51.5292,50.8231,51.3479,1972847
2024-07-26,51.6342,51.8728,50.7849,51.6342,2760209
2024-07-29,51.1952,51.7105,50.7754,51.1952,2188003
2024-07-30,50.699,51.1284,50.2887,50.699,1927531
2024-07-31,51.6724,52.369,50.575,51.6724,4672169
2024-08-01,51.367,51.7964,51.0712,51.367,1923115
2024-08-02,51.9873,52.159,51.0998,51.9873,2625450
2024-08-05,53.3996,54.0675,52.2926,53.3996,10950071
2024-08-06,53.2946,54.2775,52.8747,53.2946,4778206
2024-08-07,53.2755,53.5713,52.9892,53.2755,1868097
2024-08-08,53.3137,54.0675,53.1705,53.3137,2968688
2024-08-09,51.9898,53.9901,51.9898,51.9898,4766497
2024-08-12,50.4919,52.2121,50.405,50.4919,4774515
2024-08-13,48.9651,50.6176,48.0664,48.9651,8157951
2024-08-14,48.7332,49.1777,48.337,48.7332,3621940
2024-08-15,48.5013,48.8298,48.1534,48.5013,3705912
2024-08-16,48.8491,49.0714,47.4962,48.8491,5783389
2024-08-19,48.5979,48.9748,48.221,48.5979,2942888
2024-08-20,48.366,48.8975,48.308,48.366,2575362
2024-08-21,47.8055,48.5882,47.7378,47.8055,1916325
2024-08-22,48.0277,48.2693,46.7811,48.0277,3623510
2024-08-23,48.0857,48.395,47.6509,48.0857,2284918
2024-08-26,47.4576,48.2017,46.9648,47.4576,3328742
2024-08-27,47.3416,47.4576,46.6845,47.3416,2879306
2024-08-28,46.5975,47.6219,46.4043,46.5975,2140740
2024-08-29,46.9261,46.9648,46.1144,46.9261,3629300
2024-08-30,48.7815,49.2647,46.8585,48.7815,7429775
2024-09-02,47.4479,48.4143,47.0807,47.4479,5587090
2024-09-03,48.0857,48.9554,47.1774,48.0857,5102898
2024-09-04,49.8928,50.0088,48.2983,49.8928,6841027
2024-09-05,48.8298,49.9218,48.7235,48.8298,4693722
2024-09-06,48.0374,48.9458,48.0084,48.0374,1999520
2024-09-09,47.9988,48.3853,47.7475,47.9988,2699152
2024-09-10,48.3176,48.5592,47.187,48.3176,3449595
2024-09-11,48.3176,49.3323,48.1244,48.3176,3325953
2024-09-12,47.4962,48.6269,47.4673,47.4962,2464824
2024-09-13,46.9648,47.8055,46.9648,46.9648,1698300
2024-09-18,46.6362,47.158,46.2207,46.6362,2817804
2024-09-19,47.187,48.2887,46.5589,47.187,5377638
2024-09-20,47.8345,47.9988,46.1144,47.8345,4110403
2024-09-23,47.7378,48.366,47.3223,47.7378,3522012
2024-09-24,49.0907,49.4773,47.4866,49.0907,4950164
2024-09-25,49.3806,50.6369,49.2647,49.3806,5529140
2024-09-26,52.6179,52.7435,49.284,52.6179,7070670
2024-09-27,56.8216,56.8989,53.7582,56.8216,8007689
2024-09-30,59.7303,60.5613,56.9182,59.7303,21791920
2024-10-08,60.0878,65.3448,55.575,60.0878,27446006
2024-10-09,55.9518,58.0295,55.5653,55.9518,11985353
2024-10-10,55.9518,57.1888,55.5363,55.9518,7774174
2024-10-11,55.2561,55.9518,54.0385,55.2561,6908416
2024-10-14,51.9898,54.8889,51.3327,51.9898,26454740
2024-10-15,50.8205,52.2797,50.7722,50.8205,11778738
2024-10-16,51.1781,51.439,49.9121,51.1781,9421843
2024-10-17,50.5403,51.6516,50.376,50.5403,5906322
2024-10-18,51.323,51.8545,49.9605,51.323,9408003
2024-10-21,51.7772,52.5116,50.8978,51.7772,10873920
2024-10-22,52.3377,52.6469,51.2264,52.3377,6186574
2024-10-23,52.9078,53.536,52.0961,52.9078,6706585
2024-10-24,53.0431,54.0675,52.473,53.0431,5034611
2024-10-25,53.0141,53.391,52.6759,53.0141,5404830
2024-10-28,54.2124,54.425,52.6952,54.2124,5406919
2024-10-29,54.2124,55.4203,53.8065,54.2124,4396733
2024-10-30,54.3767,54.8695,53.7389,54.3767,3579191
2024-10-31,53.0818,54.9565,52.3377,53.0818,8122278
2024-11-01,53.4393,53.6906,52.473,53.4393,4235305
2024-11-04,54.9275,55.0821,53.1494,54.9275,4435327
2024-11-05,54.8599,55.1788,54.4637,54.8599,4546000
2024-11-06,55.1111,55.3044,54.4057,55.1111,4130416
2024-11-07,56.9279,57.1791,54.9178,56.9279,5639105
2024-11-08,55.8552,57.1984,55.343,55.8552,5357126
2024-11-11,54.7922,55.4107,54.0964,54.7922,6060727
2024-11-12,54.4057,55.6523,54.1158,54.4057,4493791
2024-11-13,53.9515,55.0241,53.7196,53.9515,3821247
2024-11-14,53.3813,54.0964,53.2267,53.3813,4797909
2024-11-15,54.367,54.7342,53.2654,54.367,4857400
2024-11-18,56.1354,57.0052,54.2124,56.1354,7115868
2024-11-19,56.3384,56.3674,55.2077,56.3384,4515653
2024-11-20,57.44,57.9135,56.1161,57.44,5728888
2024-11-21,57.0921,57.382,56.0485,57.0921,2937800
2024-11-22,56.0291,58.2324,55.6813,56.0291,5042963
2024-11-25,55.2367,57.3917,54.7246,55.2367,5155842
2024-11-26,54.8695,57.585,54.5893,54.8695,6774499
2024-11-27,55.8455,56.435,54.6473,55.8455,5285320
2024-11-28,55.3334,56.8989,54.8115,55.3334,4408001
2024-11-29,55.1014,55.6523,54.1737,55.1014,5774669
2024-12-02,54.5603,55.9325,53.8452,54.5603,5097138
2024-12-03,54.1641,54.7439,53.9998,54.1641,3929182
2024-12-04,53.9225,54.5893,53.4683,53.9225,3539803
2024-12-05,54.396,54.7342,53.4876,54.396,3184174
2024-12-06,55.7489,56.1838,54.396,55.7489,6653585
2024-12-09,55.9132,56.8892,55.401,55.9132,4829709
2024-12-10,56.5317,57.614,55.9615,56.5317,8397254
2024-12-11,55.2464,56.5317,55.0918,55.2464,7418439
2024-12-12,56.6283,56.7153,54.9662,56.6283,6075486
2024-12-13,56.0485,57.1115,55.9325,56.0485,4089043
2024-12-16,54.3477,56.2321,54.1158,54.3477,4228962
2024-12-17,54.3187,54.8115,53.8935,54.3187,2743125
2024-12-18,53.9032,54.6183,53.8259,53.9032,3112858
2024-12-19,53.4393,53.8838,53.0624,53.4393,4301062
2024-12-20,53.8162,55.2464,53.1494,53.8162,5170292
2024-12-23,54.3863,55.2367,53.8065,54.3863,5273465
2024-12-24,55.0821,55.372,54.2607,55.0821,3492640
2024-12-25,55.2657,55.4687,54.2607,55.2657,3491581
2024-12-26,55.8165,56.7153,55.0821,55.8165,4820412
2024-12-27,55.8552,56.4737,55.4783,55.8552,2384191
2024-12-30,55.9518,56.3674,54.6086,55.9518,4207162
2024-12-31,55.7296,56.6476,55.517,55.7296,4040128
2025-01-02,53.9225,55.9518,53.6423,53.9225,3991323
2025-01-03,54.2124,54.7729,53.2557,54.2124,4156000
2025-01-06,53.6906,54.5023,53.1591,53.6906,3148745
2025-01-07,53.7775,55.0725,53.2654,53.7775,3138692
2025-01-08,54.1641,54.7729,53.1398,54.1641,4793109
2025-01-09,54.512,55.1304,53.7002,54.512,3537784
2025-01-10,52.8595,55.372,52.8595,52.8595,4995798
2025-01-13,51.5066,52.7532,51.1974,51.5066,5646679
2025-01-14,52.4923,52.5309,51.2167,52.4923,4837032
2025-01-15,52.3763,52.7435,51.6709,52.3763,3512180
2025-01-16,51.6033,52.9561,51.4486,51.6033,4127774
2025-01-17,52.4343,53.0528,51.2747,52.4343,4362792
2025-01-20,51.9705,53.4297,51.9511,51.9705,4225846
2025-01-21,53.2074,53.391,52.0478,53.2074,5383300
2025-01-22,51.2747,53.3813,50.2504,51.2747,7210347
2025-01-23,51.6516,51.9415,51.294,51.6516,3066186
2025-01-24,51.9318,52.0091,51.323,51.9318,2677036
2025-01-27,52.1637,52.8209,51.8255,52.1637,3225151
2025-02-05,49.9218,52.2507,49.7865,49.9218,6435943
2025-02-06,50.1634,50.4919,49.6512,50.1634,3478934
2025-02-07,50.0474,50.347,49.7672,50.0474,6034961
2025-02-10,50.2793,50.4436,49.6899,50.2793,3973179
2025-02-11,49.1584,50.347,48.4046,49.1584,8355647
2025-02-12,49.5739,49.7479,48.8491,49.5739,4406200
2025-02-13,50.0861,50.3083,49.5063,50.0861,3600623
2025-02-14,49.7575,50.173,49.5739,49.7575,2933819
2025-02-17,49.284,49.8542,48.9265,49.284,4846658
2025-02-18,48.8298,49.3516,48.6269,48.8298,4292189
2025-02-19,49.197,49.342,48.2983,49.197,5010489
2025-02-20,48.3853,50.0378,48.2983,48.3853,6938497
2025-02-21,48.5592,48.7912,48.308,48.5592,4174913
2025-02-24,50.7045,50.8688,48.4626,50.7045,11694575
2025-02-25,50.5113,51.7095,49.6995,50.5113,6888406
2025-02-26,49.9121,51.352,49.7189,49.9121,5133513
2025-02-27,52.1058,52.1444,49.9025,52.1058,8334874
2025-02-28,51.9608,52.6179,51.7095,51.9608,5191365
2025-03-03,51.1104,52.1637,50.8978,51.1104,3759930
2025-03-04,50.5499,51.6999,50.3663,50.5499,3942162
2025-03-05,51.5356,51.7772,50.4919,51.5356,3954492
2025-03-06,51.0524,51.9898,50.6272,51.0524,6553007
2025-03-07,51.7095,52.386,50.7335,51.7095,5182999
2025-03-10,51.352,51.8738,50.5886,51.352,3594799
2025-03-11,50.9268,51.4003,50.3083,50.9268,4966975
2025-03-12,49.6126,50.8302,49.3613,49.6126,6617819
2025-03-13,49.313,49.7092,49.197,49.313,4057725
2025-03-14,50.2117,50.231,49.1487,50.2117,6165907
2025-03-17,50.376,51.294,50.2117,50.376,5610337
2025-03-18,50.1054,50.5886,50.0088,50.1054,2966262
2025-03-19,50.5499,51.381,49.8445,50.5499,6064417
2025-03-20,50.2117,51.1394,50.0667,50.2117,3407100
2025-03-21,49.6705,50.7239,49.5353,49.6705,3672392
2025-03-24,50.8592,50.9171,49.6609,50.8592,4799889
2025-03-25,52.2797,52.4247,50.5403,52.2797,8581135
2025-03-26,52.3763,52.4536,51.6129,52.3763,4807100
2025-03-27,51.6902,52.4536,51.2747,51.6902,4641282
2025-03-28,50.8785,51.6612,50.6562,50.8785,3664017
2025-03-31,50.2214,51.3327,50.0764,50.2214,3246000
2025-04-01,50.2793,50.6852,49.8542,50.2793,3340650
2025-04-02,49.9121,50.5886,49.6995,49.9121,3975178
2025-04-03,50.0184,50.4146,49.168,50.0184,4205227
2025-04-07,47.6412,49.1584,46.5782,47.6412,9704219
2025-04-08,49.429,49.5642,48.0567,49.429,5921590
2025-04-09,52.1734,52.6566,48.1437,52.1734,11619727
2025-04-10,52.0478,52.2507,51.1297,52.0478,5538580
2025-04-11,52.0284,52.473,51.5453,52.0284,3128572
2025-04-14,51.3423,52.0284,50.9944,51.3423,5065970
2025-04-15,51.3617,51.7675,50.463,51.3617,3194340
2025-04-16,53.1494,53.9322,51.1781,53.1494,12361968
2025-04-17,54.309,54.8599,52.6276,54.309,7100103
2025-04-18,53.1784,54.7729,52.7629,53.1784,4402612
2025-04-21,53.0045,54.2124,52.8692,53.0045,3266951
2025-04-22,52.3184,53.3427,52.2797,52.3184,3774871
2025-04-23,51.2264,52.5986,51.2167,51.2264,4245456
2025-04-24,51.41,52.3087,51.2747,51.41,3847100
2025-04-25,51.1201,51.4003,50.8978,51.1201,3591547
2025-04-28,51.5743,52.2604,50.8881,51.5743,4237767
2025-04-29,51.5743,51.7772,51.1491,51.5743,3067401
2025-04-30,51.8738,52.5406,51.0234,51.8738,4456291
2025-05-06,53.304,54.4347,52.4247,53.304,7156145
2025-05-07,53.5843,53.7775,52.6759,53.5843,4530630
2025-05-08,53.2364,53.6229,52.6856,53.2364,5045957
2025-05-09,52.6083,54.6666,52.5406,52.6083,4121030
2025-05-12,54.4057,54.6569,52.2797,54.4057,6924397
2025-05-13,54.1351,55.7103,53.9225,54.1351,3940832
2025-05-14,54.4443,54.6666,53.536,54.4443,4129299
2025-05-15,55.0531,55.4493,54.1351,55.0531,4115224
2025-05-16,54.9178,55.0531,54.1641,54.9178,2624526
2025-05-19,54.9372,55.4687,54.6086,54.9372,2780905
2025-05-20,55.5266,55.8359,54.1641,55.5266,3952848
2025-05-21,57.0148,57.1888,55.3817,57.0148,5225400
2025-05-22,56.5606,57.9232,56.348,56.5606,5335118
2025-05-23,55.7006,56.7153,55.5846,55.7006,2695172
2025-05-26,56.9279,57.2081,55.2947,56.9279,5034074
2025-05-27,56.9279,57.9715,55.9905,56.9279,5531073
2025-05-28,57.9135,57.9329,56.4157,57.9135,3247696
2025-05-29,57.1791,58.1551,56.1354,57.1791,4072911
2025-05-30,56.8216,57.6526,56.7442,56.8216,2937532
2025-06-03,56.435,56.8216,55.1691,56.435,4812253
2025-06-04,55.3624,56.3674,54.6763,55.3624,4465169
2025-06-05,55.6136,56.0098,55.0821,55.6136,3871779
2025-06-06,55.6909,55.8649,55.2754,55.6909,2483333
2025-06-09,55.9325,55.9712,54.7922,55.9325,3322007
2025-06-10,55.7876,56.9665,55.5653,55.7876,3796635
2025-06-11,55.8745,56.2031,55.2561,55.8745,3416348
2025-06-12,55.7199,56.0485,55.0048,55.7199,4653768
2025-06-13,54.9758,55.8359,54.1544,54.9758,6078852
2025-06-16,54.2317,55.2561,53.8259,54.2317,6449040
2025-06-17,53.5456,55.3237,53.391,53.5456,4006938
2025-06-18,53.1301,53.6133,52.9658,53.1301,2892300
2025-06-19,53.1494,53.7775,52.9272,53.1494,3972968
2025-06-20,53.0914,53.7292,52.9561,53.0914,2846836
2025-06-23,52.9078,53.3137,52.3184,52.9078,3316327
2025-06-24,53.9322,54.6376,53.7292,53.9322,5730140
2025-06-25,54.5989,54.7826,53.8838,54.5989,3216947
2025-06-26,53.9032,54.8695,53.7775,53.9032,3182776
2025-06-27,53.9515,54.4057,53.5843,53.9515,2723856
2025-06-30,53.7775,54.6569,53.1977,53.7775,3337109
2025-07-01,53.3234,54.0288,53.2364,53.3234,2780203
2025-07-02,53.1301,53.5939,52.9175,53.1301,2214836
2025-07-03,53.2944,53.391,52.8595,53.2944,2561298
2025-07-04,53.6423,53.8259,53.0528,53.6423,2694021
2025-07-07,53.2944,53.8259,53.1108,53.2944,2487326
2025-07-08,53.449,53.5456,52.9272,53.449,3048195
2025-07-09,53.9032,54.2317,53.449,53.9032,3668244
2025-07-10,53.1204,53.9708,52.9658,53.1204,3184773
2025-07-11,53.5553,53.9805,53.1108,53.5553,5016177
2025-07-14,53.0624,53.536,52.9465,53.0624,4422424
2025-07-15,52.2797,53.8162,52.0864,52.2797,5391672
2025-07-16,52.5696,52.7435,52.2894,52.5696,2439651
2025-07-17,52.6285,52.9817,52.4911,52.6285,3251243
2025-07-18,53.2368,53.2466,52.4911,53.2368,2693938
2025-07-21,53.1485,53.4624,52.8737,53.1485,2190389
2025-07-22,53.4134,53.5507,52.7756,53.4134,3421524
2025-07-23,55.3855,55.9251,53.9236,55.3855,8973845
2025-07-24,55.5326,55.5915,55.0224,55.5326,3092076
2025-07-25,54.63,55.5326,54.6104,54.63,2571801
2025-07-28,53.2564,54.63,53.1583,53.2564,4864344
2025-07-29,52.9032,53.796,52.8149,52.9032,4002213
2025-07-30,52.2949,52.9719,51.7454,52.2949,5556940
2025-07-31,51.2843,52.1477,51.1175,51.2843,6863015
2025-08-01,51.0684,51.4511,50.7054,51.0684,4695932
2025-08-04,51.3137,51.51,50.7741,51.3137,4088302
2025-08-05,51.5394,51.7749,51.196,51.5394,3346880
2025-08-06,51.5394,51.6277,51.1469,51.5394,2740631
2025-08-07,51.8632,52.0496,51.3333,51.8632,2903293
2025-08-08,51.6375,51.8926,51.3726,51.6375,2461834
2025-08-11,51.7062,51.9515,51.3432,51.7062,3231746
2025-08-12,51.7062,52.0201,51.5983,51.7062,2631205
2025-08-13,51.8534,52.1281,51.5198,51.8534,2708482
2025-08-14,51.3137,51.8828,51.2745,51.3137,5121044
2025-08-15,51.8337,52.1771,51.0488,51.8337,5414393
2025-08-18,51.8141,52.03,51.4118,51.8141,4693310
2025-08-19,51.8141,51.9809,51.4413,51.8141,4254074
2025-08-20,51.9613,52.0201,51.353,51.9613,5487099
2025-08-21,52.4519,52.7266,51.8337,52.4519,5398071
2025-08-22,51.7062,52.5794,51.4217,51.7062,8116543
2025-08-25,52.4519,52.5892,51.6179,52.4519,6896167
2025-08-26,52.7069,53.227,52.2556,52.7069,5148503
2025-08-27,52.9817,54.0217,52.962,52.9817,11323159
2025-08-28,52.9817,53.2858,52.0005,52.9817,6269270
2025-08-29,52.3439,53.4036,52.3439,52.3439,5861576
2025-09-01,51.3922,52.3439,51.3628,51.3922,7399403
2025-09-02,51.0194,51.6866,50.7741,51.0194,6402939
2025-09-03,51.3039,51.3922,50.9213,51.3039,3471824
2025-09-04,51.5001,51.5884,50.5582,51.5001,5909152
2025-09-05,51.9122,52.1281,51.2647,51.9122,4674065
2025-09-08,53.4134,54.2081,51.6866,53.4134,10198925
2025-09-09,52.9817,53.3643,52.7756,52.9817,4069024
2025-09-10,52.3145,52.8247,52.2556,52.3145,3658434
2025-09-11,52.0888,52.4617,51.5394,52.0888,5273857
2025-09-12,52.1477,52.3243,51.7749,52.1477,4265710
2025-09-15,51.4707,52.2164,51.3137,51.4707,6089566
2025-09-16,52.4911,53.0405,51.5001,52.4911,7444322
2025-09-17,53.276,54.0904,52.1673,53.276,9254727
2025-09-18,52.3047,53.2662,52.0103,52.3047,6384679
2025-09-19,53.119,53.7666,51.8141,53.119,11524866
2025-09-22,52.4126,53.2073,52.2556,52.4126,5117308
2025-09-23,51.5492,52.3734,50.9115,51.5492,6802598
2025-09-24,51.5198,51.6375,51.039,51.5198,3795433
2025-09-25,51.6571,52.0986,51.1469,51.6571,4825300
2025-09-26,52.4813,53.0307,51.4217,52.4813,6942213
2025-09-29,52.5892,52.6873,51.7651,52.5892,4759400
2025-09-30,52.4715,52.7854,51.7258,52.4715,7149530
2025-10-09,52.3047,52.5696,51.0194,52.3047,7861508
2025-10-10,51.9515,52.913,51.6669,51.9515,5392062
2025-10-13,51.0292,51.4805,50.6269,51.0292,7383415
2025-10-14,51.2058,51.5492,50.7839,51.2058,4199473
2025-10-15,52.6677,52.7364,50.8428,52.6677,10702107
2025-10-16,52.1183,52.7854,51.8534,52.1183,5861006
2025-10-17,53.1272,53.6514,51.9006,53.1272,10369214
2025-10-20,54.0174,54.5318,52.8502,54.0174,12560586
2025-10-21,54.235,54.3834,53.5327,54.235,6055031
2025-10-22,53.7207,54.235,53.2953,53.7207,3256245
2025-10-23,53.5921,53.9482,53.1668,53.5921,3436478
2025-10-24,52.5337,53.5822,52.1776,52.5337,5938700
2025-10-27,52.1578,53.1074,52.0292,52.1578,7510890
2025-10-28,52.237,52.7612,52.0787,52.237,3596861
2025-10-29,52.3161,52.504,51.7622,52.3161,3384956
2025-10-30,52.7711,53.1964,52.1084,52.7711,7202563
2025-10-31,52.9986,53.513,51.1588,52.9986,14417717
2025-11-03,52.8008,53.1173,52.3754,52.8008,4106508
2025-11-04,53.5822,53.9284,52.6227,53.5822,7171289
2025-11-05,54.878,54.9967,53.2855,54.878,8645361
2025-11-06,55.1352,55.2736,54.2153,55.1352,5459057
2025-11-07,54.9571,55.3429,54.3537,54.9571,4275486
2025-11-10,57.7663,58.5082,54.7593,57.7663,14757669
2025-11-11,58.2411,58.2411,57.1431,58.2411,6540342
2025-11-12,58.2708,59.8237,57.6872,58.2708,8690593
2025-11-13,59.1709,59.6259,58.1125,59.1709,5571000
2025-11-14,58.5378,59.7347,58.162,58.5378,5199092
2025-11-17,55.5902,57.1827,55.3726,55.5902,13899575
2025-11-18,54.3834,55.7682,54.0471,54.3834,10988598
2025-11-19,55.4418,55.8375,54.4032,55.4418,9728064
2025-11-20,55.3231,55.9661,54.8087,55.3231,4509461
2025-11-21,54.7296,55.9166,54.7197,54.7296,4655899
2025-11-24,54.4527,55.0857,54.334,54.4527,4686032
2025-11-25,53.7108,54.6208,53.5624,53.7108,6719568
2025-11-26,54.2944,54.4724,53.4042,54.2944,4715357
2025-11-27,54.3043,54.7296,53.4437,54.3043,4115770
2025-11-28,54.3636,54.8879,54.0273,54.3636,2826700
2025-12-01,54.9571,55.1451,53.6712,54.9571,4050296
2025-12-02,54.3043,55.2638,54.057,54.3043,3750410
2025-12-03,55.1055,55.5704,54.0669,55.1055,5660073
2025-12-04,54.4724,55.1352,54.1163,54.4724,2922004
2025-12-05,54.601,54.7395,54.1757,54.601,2631251
2025-12-08,53.8295,54.8582,53.1767,53.8295,6259502
2025-12-09,52.692,53.9086,52.5634,52.692,6316900
2025-12-10,52.8206,53.0481,52.326,52.8206,3669220
2025-12-11,52.0688,52.8107,51.9402,52.0688,3552101
2025-12-12,51.8413,52.3062,51.4456,51.8413,9246079
2025-12-15,51.8512,52.0886,51.6039,51.8512,4122336
2025-12-16,53.1371,53.3646,52.0193,53.1371,6355001
2025-12-17,53.9086,54.4823,53.0283,53.9086,8347299
2025-12-18,54.8483,55.2934,53.4932,54.8483,5858698
2025-12-19,55.1846,55.1846,54.0867,55.1846,3520525
2025-12-22,55.511,56.2331,54.9769,55.511,5747364
2025-12-23,55.7484,56.0353,54.9571,55.7484,4621226
2025-12-24,54.9472,55.9858,54.4032,54.9472,4505912
2025-12-25,55.7484,55.9265,54.512,55.7484,3717328
2025-12-26,55.8375,55.9661,54.9769,55.8375,4115133
2025-12-29,57.796,57.796,55.5902,57.796,7041450
2025-12-30,56.975,57.8652,56.3123,56.975,5611250
2025-12-31,58.8544,59.1017,56.6683,58.8544,6877478
2026-01-05,58.5675,59.1511,57.4201,58.5675,5637422
2026-01-06,58.0334,59.2006,57.6971,58.0334,5222831
2026-01-07,58.3994,59.7149,57.8652,58.3994,6390350
2026-01-08,58.7851,59.1511,57.5784,58.7851,5251983
2026-01-09,57.6872,58.8247,57.1234,57.6872,4830429
2026-01-12,58.1817,59.2006,57.2717,58.1817,6832750
2026-01-13,57.0937,58.1026,56.5793,57.0937,5160403
2026-01-14,56.8662,57.0937,56.1936,56.8662,6324276
2026-01-15,56.3815,57.341,56.1144,56.3815,5145114
2026-01-16,55.6693,56.8662,55.1945,55.6693,7522998
2026-01-19,57.8257,58.162,55.5209,57.8257,7590820
2026-01-20,58.3499,58.9533,57.2124,58.3499,4723864
2026-01-21,58.162,58.8247,57.6674,58.162,5508973
2026-01-22,58.1916,59.0126,57.7564,58.1916,4213916
2026-01-23,57.4696,58.6862,57.1926,57.4696,4513964
2026-01-26,57.4992,58.5675,57.2124,57.4992,5087181
2026-01-27,56.3914,57.9443,56.2925,56.3914,4941002
2026-01-28,55.4814,56.5398,55.244,55.4814,5980069
2026-01-29,55.3429,55.788,54.69,55.3429,4235096
2026-01-30,55.6198,56.0353,55.0857,55.6198,4271899
2026-02-02,54.6109,56.8068,54.5417,54.6109,6308696
2026-02-03,55.1945,55.7385,54.235,55.1945,3570549
2026-02-04,58.2609,58.617,54.9077,58.2609,7380305
2026-02-05,58.795,59.1412,57.9641,58.795,4625506
2026-02-06,58.3301,59.0027,57.9246,58.3301,3337100
2026-02-09,58.7456,58.9533,58.0334,58.7456,3069319
2026-02-10,58.0927,58.7653,56.6387,58.0927,4469050
2026-02-11,57.5883,58.1422,57.1926,57.5883,2154089
2026-02-12,56.7772,58.0729,56.6683,56.7772,4370246
2026-02-13,56.1639,57.064,55.9858,56.1639,2656661
2026-02-24,54.8681,56.6782,54.6999,54.8681,5300173
2026-02-25,54.7593,55.5308,54.6505,54.7593,4080817
2026-02-26,54.9472,55.4913,54.4032,54.9472,4453340
2026-02-27,54.4032,55.5704,54.3142,54.4032,5725655
2026-03-02,52.1084,53.78,51.7325,52.1084,13337806
2026-03-03,50.7829,52.7414,50.4466,50.7829,9964229
2026-03-04,49.774,51.0203,49.5069,49.774,7605600
2026-03-05,49.1805,50.4466,48.7354,49.1805,8924217
2026-03-06,49.8135,49.9619,49.0123,49.8135,6544673
2026-03-09,47.0835,48.1023,46.0647,47.0835,26548924
2026-03-10,48.4287,49.6553,48.1716,48.4287,12176735
2026-03-11,48.2012,49.4574,48.1518,48.2012,9110676
2026-03-12,47.8649,48.2804,47.2813,47.8649,7575379
2026-03-13,47.677,48.1221,47.2022,47.677,7424200
2026-03-16,47.7363,48.1122,47.2319,47.7363,7797014
2026-03-17,47.6176,49.0519,47.5484,47.6176,9764809
2026-03-18,48.0726,48.2309,47.588,48.0726,5434333
2026-03-19,46.6977,47.3011,46.3317,46.6977,8736663
2026-03-20,46.1438,47.1923,46.0943,46.1438,5964094
2026-03-23,43.1862,45.5009,42.6125,43.1862,14324249
2026-03-24,43.5226,44.7986,42.7115,43.5226,14416774
2026-03-25,45.4019,45.6393,43.9479,45.4019,15325308
2026-03-26,45.6789,46.6779,44.6304,45.6789,12822905
2026-03-27,45.8767,46.4999,45.1843,45.8767,8439800
2026-03-30,45.7284,46.1339,44.5612,45.7284,7549989
2026-03-31,45.6987,47.1626,45.6888,45.6987,8552724
2026-04-01,47.2121,47.4198,46.5395,47.2121,8145181
2026-04-02,46.767,47.4297,46.0746,46.767,5811962
2026-04-03,45.8372,46.8362,45.6987,45.8372,3972999
2026-04-07,45.3129,45.8965,45.0063,45.3129,4172100
2026-04-08,48.1221,48.9629,47.7264,48.1221,14739945
2026-04-09,47.0637,47.3605,46.3812,47.0637,8140307
2026-04-10,46.6285,47.2714,46.4801,46.6285,5844012
2026-04-13,46.0251,46.6186,45.8075,46.0251,6155364
2026-04-14,46.8857,46.9945,45.5305,46.8857,7577345
2026-04-15,47.2319,47.9539,47.1428,47.2319,6954948
2026-04-16,47.2022,47.9638,47.1329,47.2022,5683396
2026-04-17,46.9153,47.1626,46.668,46.9153,3165886
2026-04-20,48.0924,48.2606,47.0835,48.0924,6910398
2026-04-21,48.1716,48.5178,47.5978,48.1716,4230305
2026-04-22,47.7363,48.3595,47.6572,47.7363,4624090
2026-04-23,47.677,47.8649,47.2022,47.677,5186252
2026-04-24,47.6968,47.7759,47.1626,47.6968,3282023
2026-04-27,47.311,47.6374,47.1824,47.311,3863257
2026-04-28,46.2427,47.3605,46.0152,46.2427,5934024
2026-04-29,46.6878,46.8362,45.946,46.6878,5133958
2026-04-30,46.668,47.677,46.312,46.668,8522046
2026-05-06,46.6582,47.4099,46.4109,46.6582,7550762
2026-05-07,47.3901,48.0627,47.0835,47.3901,8954642
2026-05-08,47.4099,48.3496,46.9252,47.4099,9317702
2026-05-11,46.3911,47.0044,46.2922,46.3911,9336944
2026-05-12,45.9756,46.5395,45.8965,45.9756,5596683
2026-05-13,45.9064,46.1141,45.5206,45.9064,5327080
2026-05-14,45.4514,46.1735,45.392,45.4514,5122192
2026-05-15,44.7689,45.58,44.6403,44.7689,4673651
2026-05-18,43.7797,44.5117,43.3346,43.7797,6527982
2026-05-19,45.0854,45.1843,43.7797,45.0854,6162323
2026-05-20,45.0953,45.1349,44.2644,45.0953,4078619
2026-05-21,47.3011,47.7759,45.58,47.3011,15510546
2026-05-22,45.9262,47.1329,45.7976,45.9262,9489868
2026-05-25,47.8352,48.8145,47.0835,47.8352,15989459
2026-05-26,47.6176,48.3892,47.2418,47.6176,8400925
2026-05-27,47.7363,48.0924,46.767,47.7363,8300277
2026-05-28,47.3802,48.8244,47.1231,47.3802,10229588
2026-05-29,48.4683,49.3684,47.9342,48.4683,13643205
2026-06-01,47.855,48.7156,47.2319,47.855,8008698
2026-06-02,46.8362,47.2714,46.2922,46.8362,10687304
2026-06-03,45.3228,46.3614,45.1744,45.3228,8725307
2026-06-04,45.1547,45.8767,44.8579,45.1547,7812448
2026-06-05,45.4019,46.0251,45.2041,45.4019,5726395
2026-06-08,43.3247,44.7887,43.1566,43.3247,10270341
2026-06-09,44.3139,44.4721,43.7006,44.3139,5729819
2026-06-10,44.6601,44.9074,43.9182,44.6601,5389518
2026-06-11,43.5226,44.0072,43.2159,43.5226,7853381
2026-06-12,45.0557,45.1843,44.215,45.0557,11762290
2026-06-15,47.8847,49.1112,46.8362,47.8847,23841132
2026-06-16,46.5395,48.0726,46.2427,46.5395,11668323
2026-06-17,46.5494,47.489,46.3713,46.5494,10679805
2026-06-18,45.2635,46.3021,44.4326,45.2635,13334932
2026-06-22,45.5404,45.5602,43.6413,45.5404,11555838
2026-06-23,45.392,46.4702,45.2832,45.392,10964684
2026-06-24,45.2832,47.0835,45.0656,45.2832,10868946
2026-06-25,46.9846,47.8352,46.1834,46.9846,17279752
2026-06-26,46.767,47.4594,45.8965,46.767,10072487
2026-06-29,46.8461,47.3407,45.4514,46.8461,12281703
2026-06-30,45.0854,47.5682,44.5908,45.0854,13164138
2026-07-01,46.7076,46.8857,44.4622,46.7076,11101984
2026-07-02,46.2625,47.7561,46.0548,46.2625,6443435
2026-07-03,46.213,46.8857,45.9756,46.213,6503391
2026-07-06,47.3703,48.132,46.1933,47.3703,10574263
2026-07-07,46.6878,47.8847,46.5691,46.6878,7566438
2026-07-08,46.3416,47.1626,45.5503,46.3416,7689998
2026-07-09,45.3624,45.9658,44.7491,45.3624,8892372
2026-07-10,45.5305,45.9954,44.8876,45.5305,7683546
2026-07-13,44.6996,44.9074,44.2347,44.6996,7362093
2026-07-14,44.7689,44.7689,43.8885,44.7689,5814671
2026-07-15,45.491,45.758,44.3238,45.491,8628927
2026-07-16,44.9865,45.8471,44.7788,44.9865,5022391
2026-07-17,45.1052,45.6987,44.7194,45.1052,7223712
2026-07-20,45.4217,45.8965,44.4326,45.4217,10002251
2026-07-21,45.0656,46.4702,44.848,45.0656,7943972
2026-07-22,45.0063,45.2536,44.5612,45.0063,5530134
2026-07-23,45.6492,45.8668,44.6106,45.6492,6272583
2026-07-24,44.1556,45.5305,44.1259,44.1556,8105088
2026-07-27,45.3723,45.6888,44.6601,45.3723,7758152
2026-07-28,45.6196,46.035,45.2635,45.6196,6755340
2026-07-29,45.5899,46.0746,45.2041,45.5899,7501473
2026-07-30,46.7867,46.9153,45.3822,46.7867,9314804
2026-07-31,46.49,46.9252,46.0548,46.49,5957229
2026-08-03,46.6,47.19,46.47,46.6,4627808
2026-08-04,45.77,46.98,45.55,45.77,7129486
2026-08-05,46.85,47.09,45.85,46.85,8481569
2026-08-06,46.4,47.37,46.08,46.4,5178674
2026-08-07,45.67,46.32,45.54,45.67,5457680
2026-08-10,45.83,45.91,45.46,45.83,3561222